[
	"fileversion","19.0.455",
	"hasindex",false,
	"pointcount",98,
	"vertexcount",384,
	"primitivecount",96,
	"info",{
		"date":"2021-12-16 01:56:16",
		"timetocook":0.00017199999999999998,
		"software":"Houdini 19.0.455",
		"artist":"tedpa",
		"hostname":"DESKTOP-FELHFH8",
		"time":0,
		"bounds":[-1,1,-1,1,-1,1],
		"primcount_summary":"         96 Polygons\n",
		"attribute_summary":"     2 vertex attributes:\tuv, N\n     1 point attributes:\tP\n     3 primitive attributes:\tunity_material, unreal_material, maya_shading_group\n"
	},
	"topology",[
		"pointref",[
			"indices",[1,74,26,81,74,14,50,26,26,50,8,53,81,26,53,17,14,75,27,50,75,5,76,27,27,76,15,51,50,27,51,8,8,51,28,52,51,15,77,28,28,77,4,78,52,28,78,16,17,53,29,80,53,8,52,29,29,52,16,79,80,29,79,0,2,82,30,87,82,18,54,30,30,54,9,57,87,
				30,57,20,18,83,31,54,83,6,84,31,31,84,19,55,54,31,55,9,9,55,32,56,55,19,85,32,32,85,5,75,56,32,75,14,20,57,33,86,57,9,56,33,33,56,14,74,86,33,74,1,3,88,34,93,88,21,58,34,34,58,10,61,93,34,61,23,21,89,35,58,89,7,90,35,35,90,22,
				59,58,35,59,10,10,59,36,60,59,22,91,36,36,91,6,83,60,36,83,18,23,61,37,92,61,10,60,37,37,60,18,82,92,37,82,2,0,79,38,97,79,16,62,38,38,62,11,65,97,38,65,25,16,78,39,62,78,4,94,39,39,94,24,63,62,39,63,11,11,63,40,64,63,24,95,
				40,40,95,7,89,64,40,89,21,25,65,41,96,65,11,64,41,41,64,21,88,96,41,88,3,2,87,42,92,87,20,66,42,42,66,12,69,92,42,69,23,20,86,43,66,86,1,81,43,43,81,17,67,66,43,67,12,12,67,44,68,67,17,80,44,44,80,0,97,68,44,97,25,23,69,45,93,
				69,12,68,45,45,68,25,96,93,45,96,3,5,85,46,76,85,19,70,46,46,70,13,73,76,46,73,15,19,84,47,70,84,6,91,47,47,91,22,71,70,47,71,13,13,71,48,72,71,22,90,48,48,90,7,95,72,48,95,24,15,73,49,77,73,13,72,49,49,72,24,94,77,49,94,4]
		]
	],
	"attributes",[
		"vertexattributes",[
			[
				[
					"scope","public",
					"type","numeric",
					"name","N",
					"options",{
						"type":{
							"type":"string",
							"value":"normal"
						}
					}
				],
				[
					"size",3,
					"storage","fpreal32",
					"defaults",[
						"size",1,
						"storage","fpreal64",
						"values",[0]
					],
					"values",[
						"size",3,
						"storage","fpreal32",
						"tuples",[[0.577350318,-0.577350318,-0.577350318],[0.67279917,-0.307705432,-0.67279917],[0.354874372,-0.354874372,-0.86494422],[0.307705432,-0.67279917,-0.67279911],[0.67279917,-0.307705432,-0.67279917],[0.707106709,
								0,-0.707106709],[0.385373741,5.03419217e-09,-0.922760606],[0.354874372,-0.354874372,-0.86494422],[0.354874372,-0.354874372,-0.86494422],[0.385373741,5.03419217e-09,-0.922760606],[0,0,-0.99999994],
							[6.5444496e-08,-0.385373771,-0.922760606],[0.307705432,-0.67279917,-0.67279911],[0.354874372,-0.354874372,-0.86494422],[6.5444496e-08,-0.385373771,-0.922760606],[0,-0.707106709,-0.707106709],[0.707106709,
								0,-0.707106709],[0.67279911,0.307705551,-0.67279917],[0.354874343,0.354874343,-0.86494422],[0.385373741,5.03419217e-09,-0.922760606],[0.67279911,0.307705551,-0.67279917],[0.577350259,0.577350259,
								-0.577350378],[0.307705551,0.67279911,-0.67279917],[0.354874343,0.354874343,-0.86494422],[0.354874343,0.354874343,-0.86494422],[0.307705551,0.67279911,-0.67279917],[0,0.707106709,-0.707106709],
							[-5.03419262e-09,0.385373771,-0.922760606],[0.385373741,5.03419217e-09,-0.922760606],[0.354874343,0.354874343,-0.86494422],[-5.03419262e-09,0.385373771,-0.922760606],[0,0,-0.99999994],[0,0,-0.99999994],
							[-5.03419262e-09,0.385373771,-0.922760606],[-0.354874372,0.354874372,-0.86494422],[-0.385373741,6.5444496e-08,-0.922760606],[-5.03419262e-09,0.385373771,-0.922760606],[0,0.707106709,-0.707106709],[-0.307705432,
								0.67279917,-0.67279917],[-0.354874372,0.354874372,-0.86494422],[-0.354874372,0.354874372,-0.86494422],[-0.307705432,0.67279917,-0.67279917],[-0.577350438,0.577350438,-0.57735014],[-0.67279917,
								0.307705462,-0.67279917],[-0.385373741,6.5444496e-08,-0.922760606],[-0.354874372,0.354874372,-0.86494422],[-0.67279917,0.307705462,-0.67279917],[-0.707106709,0,-0.707106709],[0,-0.707106709,-0.707106709],
							[6.5444496e-08,-0.385373771,-0.922760606],[-0.354874372,-0.354874372,-0.86494422],[-0.307705432,-0.67279917,-0.67279911],[6.5444496e-08,-0.385373771,-0.922760606],[0,0,-0.99999994],[-0.385373741,6.5444496e-08,
								-0.922760606],[-0.354874372,-0.354874372,-0.86494422],[-0.354874372,-0.354874372,-0.86494422],[-0.385373741,6.5444496e-08,-0.922760606],[-0.707106709,0,-0.707106709],[-0.67279917,-0.307705462,
								-0.67279917],[-0.307705432,-0.67279917,-0.67279911],[-0.354874372,-0.354874372,-0.86494422],[-0.67279917,-0.307705462,-0.67279917],[-0.577350318,-0.577350318,-0.577350318],[0.577350318,-0.577350318,
								0.577350199],[0.67279917,-0.307705551,0.67279917],[0.8649441,-0.354874432,0.354874313],[0.672799051,-0.67279923,0.307705581],[0.67279917,-0.307705551,0.67279917],[0.707106709,0,0.707106709],[0.922760606,
								-5.03419173e-09,0.385373741],[0.8649441,-0.354874432,0.354874313],[0.8649441,-0.354874432,0.354874313],[0.922760606,-5.03419173e-09,0.385373741],[0.99999994,0,0],[0.922760606,-0.385373741,-6.5444496e-08],
							[0.672799051,-0.67279923,0.307705581],[0.8649441,-0.354874432,0.354874313],[0.922760606,-0.385373741,-6.5444496e-08],[0.707106709,-0.707106709,1.30193499e-07],[0.707106709,0,0.707106709],[0.67279911,0.307705432,
								0.67279917],[0.864944041,0.354874492,0.354874372],[0.922760606,-5.03419173e-09,0.385373741],[0.67279911,0.307705432,0.67279917],[0.577350438,0.577350438,0.57735014],[0.67279911,0.67279923,0.307705462],
							[0.864944041,0.354874492,0.354874372],[0.864944041,0.354874492,0.354874372],[0.67279911,0.67279923,0.307705462],[0.707106709,0.707106709,1.30193499e-07],[0.922760606,0.385373741,-6.5444496e-08],[0.922760606,
								-5.03419173e-09,0.385373741],[0.864944041,0.354874492,0.354874372],[0.922760606,0.385373741,-6.5444496e-08],[0.99999994,0,0],[0.99999994,0,0],[0.922760606,0.385373741,-6.5444496e-08],[0.86494422,
								0.354874372,-0.354874372],[0.922760606,0,-0.385373771],[0.922760606,0.385373741,-6.5444496e-08],[0.707106709,0.707106709,1.30193499e-07],[0.67279917,0.67279911,-0.307705581],[0.86494422,0.354874372,
								-0.354874372],[0.86494422,0.354874372,-0.354874372],[0.67279917,0.67279911,-0.307705581],[0.577350259,0.577350259,-0.577350378],[0.67279911,0.307705551,-0.67279917],[0.922760606,0,-0.385373771],
							[0.86494422,0.354874372,-0.354874372],[0.67279911,0.307705551,-0.67279917],[0.707106709,0,-0.707106709],[0.707106709,-0.707106709,1.30193499e-07],[0.922760606,-0.385373741,-6.5444496e-08],[0.86494422,
								-0.354874372,-0.354874372],[0.67279917,-0.67279917,-0.307705432],[0.922760606,-0.385373741,-6.5444496e-08],[0.99999994,0,0],[0.922760606,0,-0.385373771],[0.86494422,-0.354874372,-0.354874372],
							[0.86494422,-0.354874372,-0.354874372],[0.922760606,0,-0.385373771],[0.707106709,0,-0.707106709],[0.67279917,-0.307705432,-0.67279917],[0.67279917,-0.67279917,-0.307705432],[0.86494422,-0.354874372,-0.354874372],
							[0.67279917,-0.307705432,-0.67279917],[0.577350318,-0.577350318,-0.577350318],[-0.577350318,-0.577350318,0.577350318],[-0.67279917,-0.307705432,0.67279917],[-0.354874372,-0.354874372,0.86494422],[-0.307705432,
								-0.67279917,0.67279917],[-0.67279917,-0.307705432,0.67279917],[-0.707106709,0,0.707106709],[-0.385373741,5.03419217e-09,0.922760606],[-0.354874372,-0.354874372,0.86494422],[-0.354874372,-0.354874372,
								0.86494422],[-0.385373741,5.03419217e-09,0.922760606],[0,0,0.99999994],[-6.5444496e-08,-0.385373771,0.922760606],[-0.307705432,-0.67279917,0.67279917],[-0.354874372,-0.354874372,0.86494422],[-6.5444496e-08,
								-0.385373771,0.922760606],[0,-0.707106709,0.707106709],[-0.707106709,0,0.707106709],[-0.67279917,0.307705432,0.67279911],[-0.354874343,0.354874343,0.86494422],[-0.385373741,5.03419217e-09,0.922760606],
							[-0.67279917,0.307705432,0.67279911],[-0.577350318,0.577350318,0.577350318],[-0.307705432,0.67279917,0.67279917],[-0.354874343,0.354874343,0.86494422],[-0.354874343,0.354874343,0.86494422],[-0.307705432,
								0.67279917,0.67279917],[0,0.707106709,0.707106709],[5.03419262e-09,0.385373771,0.922760606],[-0.385373741,5.03419217e-09,0.922760606],[-0.354874343,0.354874343,0.86494422],[5.03419262e-09,0.385373771,
								0.922760606],[0,0,0.99999994],[0,0,0.99999994],[5.03419262e-09,0.385373771,0.922760606],[0.354874372,0.354874372,0.86494422],[0.385373741,6.5444496e-08,0.922760606],[5.03419262e-09,0.385373771,
								0.922760606],[0,0.707106709,0.707106709],[0.307705432,0.67279917,0.67279911],[0.354874372,0.354874372,0.86494422],[0.354874372,0.354874372,0.86494422],[0.307705432,0.67279917,0.67279911],[0.577350438,
								0.577350438,0.57735014],[0.67279911,0.307705432,0.67279917],[0.385373741,6.5444496e-08,0.922760606],[0.354874372,0.354874372,0.86494422],[0.67279911,0.307705432,0.67279917],[0.707106709,0,0.707106709],
							[0,-0.707106709,0.707106709],[-6.5444496e-08,-0.385373771,0.922760606],[0.354874372,-0.354874372,0.86494422],[0.307705551,-0.67279923,0.67279911],[-6.5444496e-08,-0.385373771,0.922760606],[0,0,0.99999994],
							[0.385373741,6.5444496e-08,0.922760606],[0.354874372,-0.354874372,0.86494422],[0.354874372,-0.354874372,0.86494422],[0.385373741,6.5444496e-08,0.922760606],[0.707106709,0,0.707106709],[0.67279917,-0.307705551,
								0.67279917],[0.307705551,-0.67279923,0.67279911],[0.354874372,-0.354874372,0.86494422],[0.67279917,-0.307705551,0.67279917],[0.577350318,-0.577350318,0.577350199],[-0.577350318,-0.577350318,-0.577350318],
							[-0.67279917,-0.307705462,-0.67279917],[-0.86494422,-0.354874372,-0.354874372],[-0.67279911,-0.67279917,-0.307705432],[-0.67279917,-0.307705462,-0.67279917],[-0.707106709,0,-0.707106709],[-0.922760606,
								-5.03419173e-09,-0.385373741],[-0.86494422,-0.354874372,-0.354874372],[-0.86494422,-0.354874372,-0.354874372],[-0.922760606,-5.03419173e-09,-0.385373741],[-0.99999994,0,0],[-0.922760606,-0.385373741,
								6.5444496e-08],[-0.67279911,-0.67279917,-0.307705432],[-0.86494422,-0.354874372,-0.354874372],[-0.922760606,-0.385373741,6.5444496e-08],[-0.707106769,-0.707106769,0],[-0.707106709,0,-0.707106709],
							[-0.67279917,0.307705462,-0.67279917],[-0.864944041,0.354874492,-0.354874372],[-0.922760606,-5.03419173e-09,-0.385373741],[-0.67279917,0.307705462,-0.67279917],[-0.577350438,0.577350438,-0.57735014],[-0.67279911,
								0.67279923,-0.307705462],[-0.864944041,0.354874492,-0.354874372],[-0.864944041,0.354874492,-0.354874372],[-0.67279911,0.67279923,-0.307705462],[-0.707106709,0.707106709,-1.30193499e-07],[-0.922760606,
								0.385373741,6.5444496e-08],[-0.922760606,-5.03419173e-09,-0.385373741],[-0.864944041,0.354874492,-0.354874372],[-0.922760606,0.385373741,6.5444496e-08],[-0.99999994,0,0],[-0.99999994,0,0],[-0.922760606,
								0.385373741,6.5444496e-08],[-0.86494422,0.354874372,0.354874372],[-0.922760606,0,0.385373771],[-0.922760606,0.385373741,6.5444496e-08],[-0.707106709,0.707106709,-1.30193499e-07],[-0.67279911,0.67279917,
								0.307705432],[-0.86494422,0.354874372,0.354874372],[-0.86494422,0.354874372,0.354874372],[-0.67279911,0.67279917,0.307705432],[-0.577350318,0.577350318,0.577350318],[-0.67279917,0.307705432,0.67279911],
							[-0.922760606,0,0.385373771],[-0.86494422,0.354874372,0.354874372],[-0.67279917,0.307705432,0.67279911],[-0.707106709,0,0.707106709],[-0.707106769,-0.707106769,0],[-0.922760606,-0.385373741,6.5444496e-08],
							[-0.86494422,-0.354874372,0.354874372],[-0.67279917,-0.67279917,0.307705432],[-0.922760606,-0.385373741,6.5444496e-08],[-0.99999994,0,0],[-0.922760606,0,0.385373771],[-0.86494422,-0.354874372,0.354874372],
							[-0.86494422,-0.354874372,0.354874372],[-0.922760606,0,0.385373771],[-0.707106709,0,0.707106709],[-0.67279917,-0.307705432,0.67279917],[-0.67279917,-0.67279917,0.307705432],[-0.86494422,-0.354874372,0.354874372],
							[-0.67279917,-0.307705432,0.67279917],[-0.577350318,-0.577350318,0.577350318],[0.577350318,-0.577350318,0.577350199],[0.672799051,-0.67279923,0.307705581],[0.354874492,-0.86494416,0.354874372],[0.307705551,
								-0.67279923,0.67279911],[0.672799051,-0.67279923,0.307705581],[0.707106709,-0.707106709,1.30193499e-07],[0.385373741,-0.922760606,-5.03419217e-09],[0.354874492,-0.86494416,0.354874372],[0.354874492,
								-0.86494416,0.354874372],[0.385373741,-0.922760606,-5.03419217e-09],[0,-0.99999994,0],[0,-0.922760606,0.385373741],[0.307705551,-0.67279923,0.67279911],[0.354874492,-0.86494416,0.354874372],[0,
								-0.922760606,0.385373741],[0,-0.707106709,0.707106709],[0.707106709,-0.707106709,1.30193499e-07],[0.67279917,-0.67279917,-0.307705432],[0.354874343,-0.86494422,-0.354874343],[0.385373741,-0.922760606,
								-5.03419217e-09],[0.67279917,-0.67279917,-0.307705432],[0.577350318,-0.577350318,-0.577350318],[0.307705432,-0.67279917,-0.67279911],[0.354874343,-0.86494422,-0.354874343],[0.354874343,-0.86494422,
								-0.354874343],[0.307705432,-0.67279917,-0.67279911],[0,-0.707106709,-0.707106709],[0,-0.922760606,-0.385373771],[0.385373741,-0.922760606,-5.03419217e-09],[0.354874343,-0.86494422,-0.354874343],
							[0,-0.922760606,-0.385373771],[0,-0.99999994,0],[0,-0.99999994,0],[0,-0.922760606,-0.385373771],[-0.354874343,-0.86494422,-0.354874343],[-0.385373771,-0.922760606,5.03419262e-09],[0,-0.922760606,-0.385373771],
							[0,-0.707106709,-0.707106709],[-0.307705432,-0.67279917,-0.67279911],[-0.354874343,-0.86494422,-0.354874343],[-0.354874343,-0.86494422,-0.354874343],[-0.307705432,-0.67279917,-0.67279911],[-0.577350318,
								-0.577350318,-0.577350318],[-0.67279911,-0.67279917,-0.307705432],[-0.385373771,-0.922760606,5.03419262e-09],[-0.354874343,-0.86494422,-0.354874343],[-0.67279911,-0.67279917,-0.307705432],[-0.707106769,
								-0.707106769,0],[0,-0.707106709,0.707106709],[0,-0.922760606,0.385373741],[-0.354874372,-0.86494422,0.354874372],[-0.307705432,-0.67279917,0.67279917],[0,-0.922760606,0.385373741],[0,-0.99999994,
								0],[-0.385373771,-0.922760606,5.03419262e-09],[-0.354874372,-0.86494422,0.354874372],[-0.354874372,-0.86494422,0.354874372],[-0.385373771,-0.922760606,5.03419262e-09],[-0.707106769,-0.707106769,
								0],[-0.67279917,-0.67279917,0.307705432],[-0.307705432,-0.67279917,0.67279917],[-0.354874372,-0.86494422,0.354874372],[-0.67279917,-0.67279917,0.307705432],[-0.577350318,-0.577350318,0.577350318],
							[0.577350259,0.577350259,-0.577350378],[0.67279917,0.67279911,-0.307705581],[0.354874343,0.86494422,-0.354874343],[0.307705551,0.67279911,-0.67279917],[0.67279917,0.67279911,-0.307705581],[0.707106709,
								0.707106709,1.30193499e-07],[0.385373741,0.922760606,5.03419217e-09],[0.354874343,0.86494422,-0.354874343],[0.354874343,0.86494422,-0.354874343],[0.385373741,0.922760606,5.03419217e-09],[0,0.99999994,
								0],[0,0.922760606,-0.385373741],[0.307705551,0.67279911,-0.67279917],[0.354874343,0.86494422,-0.354874343],[0,0.922760606,-0.385373741],[0,0.707106709,-0.707106709],[0.707106709,0.707106709,1.30193499e-07],
							[0.67279911,0.67279923,0.307705462],[0.354874492,0.86494416,0.354874372],[0.385373741,0.922760606,5.03419217e-09],[0.67279911,0.67279923,0.307705462],[0.577350438,0.577350438,0.57735014],[0.307705432,
								0.67279917,0.67279911],[0.354874492,0.86494416,0.354874372],[0.354874492,0.86494416,0.354874372],[0.307705432,0.67279917,0.67279911],[0,0.707106709,0.707106709],[0,0.922760606,0.385373771],[0.385373741,
								0.922760606,5.03419217e-09],[0.354874492,0.86494416,0.354874372],[0,0.922760606,0.385373771],[0,0.99999994,0],[0,0.99999994,0],[0,0.922760606,0.385373771],[-0.354874343,0.86494422,0.354874343],
							[-0.385373771,0.922760606,-5.03419262e-09],[0,0.922760606,0.385373771],[0,0.707106709,0.707106709],[-0.307705432,0.67279917,0.67279917],[-0.354874343,0.86494422,0.354874343],[-0.354874343,0.86494422,0.354874343],
							[-0.307705432,0.67279917,0.67279917],[-0.577350318,0.577350318,0.577350318],[-0.67279911,0.67279917,0.307705432],[-0.385373771,0.922760606,-5.03419262e-09],[-0.354874343,0.86494422,0.354874343],[-0.67279911,
								0.67279917,0.307705432],[-0.707106709,0.707106709,-1.30193499e-07],[0,0.707106709,-0.707106709],[0,0.922760606,-0.385373741],[-0.354874462,0.86494416,-0.354874343],[-0.307705432,0.67279917,-0.67279917],
							[0,0.922760606,-0.385373741],[0,0.99999994,0],[-0.385373771,0.922760606,-5.03419262e-09],[-0.354874462,0.86494416,-0.354874343],[-0.354874462,0.86494416,-0.354874343],[-0.385373771,0.922760606,-5.03419262e-09],
							[-0.707106709,0.707106709,-1.30193499e-07],[-0.67279911,0.67279923,-0.307705462],[-0.307705432,0.67279917,-0.67279917],[-0.354874462,0.86494416,-0.354874343],[-0.67279911,0.67279923,-0.307705462],[-0.577350438,
								0.577350438,-0.57735014]
						]
					]
				]
			],
			[
				[
					"scope","public",
					"type","numeric",
					"name","uv",
					"options",{
						"type":{
							"type":"string",
							"value":"texturecoord"
						}
					}
				],
				[
					"size",3,
					"storage","fpreal32",
					"defaults",[
						"size",1,
						"storage","fpreal64",
						"values",[0]
					],
					"values",[
						"size",3,
						"storage","fpreal32",
						"tuples",[[0,0,0],[0,0.249973297,0],[0.249973297,0.249973297,0],[0.249973297,0,0],[0,0.249973297,0],[0,0.499946594,0],[0.249973297,0.499946594,0],[0.249973297,0.249973297,0],[0.249973297,0.249973297,0],[0.249973297,
								0.499946594,0],[0.499946594,0.499946594,0],[0.499946594,0.249973297,0],[0.249973297,0,0],[0.249973297,0.249973297,0],[0.499946594,0.249973297,0],[0.499946594,0,0],[0,0.499946594,0],[0,0.749919891,
								0],[0.249973297,0.749919891,0],[0.249973297,0.499946594,0],[0,0.749919891,0],[0,0.999893188,0],[0.249973297,0.999893188,0],[0.249973297,0.749919891,0],[0.249973297,0.749919891,0],[0.249973297,
								0.999893188,0],[0.499946594,0.999893188,0],[0.499946594,0.749919891,0],[0.249973297,0.499946594,0],[0.249973297,0.749919891,0],[0.499946594,0.749919891,0],[0.499946594,0.499946594,0],[0.499946594,
								0.499946594,0],[0.499946594,0.749919891,0],[0.749919891,0.749919891,0],[0.749919891,0.499946594,0],[0.499946594,0.749919891,0],[0.499946594,0.999893188,0],[0.749919891,0.999893188,0],[0.749919891,
								0.749919891,0],[0.749919891,0.749919891,0],[0.749919891,0.999893188,0],[0.999893188,0.999893188,0],[0.999893188,0.749919891,0],[0.749919891,0.499946594,0],[0.749919891,0.749919891,0],[0.999893188,
								0.749919891,0],[0.999893188,0.499946594,0],[0.499946594,0,0],[0.499946594,0.249973297,0],[0.749919891,0.249973297,0],[0.749919891,0,0],[0.499946594,0.249973297,0],[0.499946594,0.499946594,0],[0.749919891,
								0.499946594,0],[0.749919891,0.249973297,0],[0.749919891,0.249973297,0],[0.749919891,0.499946594,0],[0.999893188,0.499946594,0],[0.999893188,0.249973297,0],[0.749919891,0,0],[0.749919891,0.249973297,
								0],[0.999893188,0.249973297,0],[0.999893188,0,0],[-1,0,0],[-1,0.249973297,0],[-0.750026703,0.249973297,0],[-0.750026703,0,0],[-1,0.249973297,0],[-1,0.499946594,0],[-0.750026703,0.499946594,0],
							[-0.750026703,0.249973297,0],[-0.750026703,0.249973297,0],[-0.750026703,0.499946594,0],[-0.500053406,0.499946594,0],[-0.500053406,0.249973297,0],[-0.750026703,0,0],[-0.750026703,0.249973297,0],[-0.500053406,
								0.249973297,0],[-0.500053406,0,0],[-1,0.499946594,0],[-1,0.749919891,0],[-0.750026703,0.749919891,0],[-0.750026703,0.499946594,0],[-1,0.749919891,0],[-1,0.999893188,0],[-0.750026703,0.999893188,
								0],[-0.750026703,0.749919891,0],[-0.750026703,0.749919891,0],[-0.750026703,0.999893188,0],[-0.500053406,0.999893188,0],[-0.500053406,0.749919891,0],[-0.750026703,0.499946594,0],[-0.750026703,0.749919891,
								0],[-0.500053406,0.749919891,0],[-0.500053406,0.499946594,0],[-0.500053406,0.499946594,0],[-0.500053406,0.749919891,0],[-0.250080109,0.749919891,0],[-0.250080109,0.499946594,0],[-0.500053406,0.749919891,
								0],[-0.500053406,0.999893188,0],[-0.250080109,0.999893188,0],[-0.250080109,0.749919891,0],[-0.250080109,0.749919891,0],[-0.250080109,0.999893188,0],[-0.000106811523,0.999893188,0],[-0.000106811523,
								0.749919891,0],[-0.250080109,0.499946594,0],[-0.250080109,0.749919891,0],[-0.000106811523,0.749919891,0],[-0.000106811523,0.499946594,0],[-0.500053406,0,0],[-0.500053406,0.249973297,0],[-0.250080109,
								0.249973297,0],[-0.250080109,0,0],[-0.500053406,0.249973297,0],[-0.500053406,0.499946594,0],[-0.250080109,0.499946594,0],[-0.250080109,0.249973297,0],[-0.250080109,0.249973297,0],[-0.250080109,
								0.499946594,0],[-0.000106811523,0.499946594,0],[-0.000106811523,0.249973297,0],[-0.250080109,0,0],[-0.250080109,0.249973297,0],[-0.000106811523,0.249973297,0],[-0.000106811523,0,0],[1,-1,0],[1,
								-1.2499733,0],[0.750026703,-1.2499733,0],[0.750026703,-1,0],[1,-1.2499733,0],[1,-1.49994659,0],[0.750026703,-1.49994659,0],[0.750026703,-1.2499733,0],[0.750026703,-1.2499733,0],[0.750026703,-1.49994659,
								0],[0.500053406,-1.49994659,0],[0.500053406,-1.2499733,0],[0.750026703,-1,0],[0.750026703,-1.2499733,0],[0.500053406,-1.2499733,0],[0.500053406,-1,0],[1,-1.49994659,0],[1,-1.74991989,0],[0.750026703,
								-1.74991989,0],[0.750026703,-1.49994659,0],[1,-1.74991989,0],[1,-1.99989319,0],[0.750026703,-1.99989319,0],[0.750026703,-1.74991989,0],[0.750026703,-1.74991989,0],[0.750026703,-1.99989319,0],[0.500053406,
								-1.99989319,0],[0.500053406,-1.74991989,0],[0.750026703,-1.49994659,0],[0.750026703,-1.74991989,0],[0.500053406,-1.74991989,0],[0.500053406,-1.49994659,0],[0.500053406,-1.49994659,0],[0.500053406,
								-1.74991989,0],[0.250080109,-1.74991989,0],[0.250080109,-1.49994659,0],[0.500053406,-1.74991989,0],[0.500053406,-1.99989319,0],[0.250080109,-1.99989319,0],[0.250080109,-1.74991989,0],[0.250080109,
								-1.74991989,0],[0.250080109,-1.99989319,0],[0.000106811523,-1.99989319,0],[0.000106811523,-1.74991989,0],[0.250080109,-1.49994659,0],[0.250080109,-1.74991989,0],[0.000106811523,-1.74991989,0],
							[0.000106811523,-1.49994659,0],[0.500053406,-1,0],[0.500053406,-1.2499733,0],[0.250080109,-1.2499733,0],[0.250080109,-1,0],[0.500053406,-1.2499733,0],[0.500053406,-1.49994659,0],[0.250080109,-1.49994659,
								0],[0.250080109,-1.2499733,0],[0.250080109,-1.2499733,0],[0.250080109,-1.49994659,0],[0.000106811523,-1.49994659,0],[0.000106811523,-1.2499733,0],[0.250080109,-1,0],[0.250080109,-1.2499733,0],
							[0.000106811523,-1.2499733,0],[0.000106811523,-1,0],[1,0,0],[1,0.249973297,0],[1.2499733,0.249973297,0],[1.2499733,0,0],[1,0.249973297,0],[1,0.499946594,0],[1.2499733,0.499946594,0],[1.2499733,0.249973297,
								0],[1.2499733,0.249973297,0],[1.2499733,0.499946594,0],[1.49994659,0.499946594,0],[1.49994659,0.249973297,0],[1.2499733,0,0],[1.2499733,0.249973297,0],[1.49994659,0.249973297,0],[1.49994659,0,
								0],[1,0.499946594,0],[1,0.749919891,0],[1.2499733,0.749919891,0],[1.2499733,0.499946594,0],[1,0.749919891,0],[1,0.999893188,0],[1.2499733,0.999893188,0],[1.2499733,0.749919891,0],[1.2499733,0.749919891,
								0],[1.2499733,0.999893188,0],[1.49994659,0.999893188,0],[1.49994659,0.749919891,0],[1.2499733,0.499946594,0],[1.2499733,0.749919891,0],[1.49994659,0.749919891,0],[1.49994659,0.499946594,0],[1.49994659,
								0.499946594,0],[1.49994659,0.749919891,0],[1.74991989,0.749919891,0],[1.74991989,0.499946594,0],[1.49994659,0.749919891,0],[1.49994659,0.999893188,0],[1.74991989,0.999893188,0],[1.74991989,0.749919891,
								0],[1.74991989,0.749919891,0],[1.74991989,0.999893188,0],[1.99989319,0.999893188,0],[1.99989319,0.749919891,0],[1.74991989,0.499946594,0],[1.74991989,0.749919891,0],[1.99989319,0.749919891,0],
							[1.99989319,0.499946594,0],[1.49994659,0,0],[1.49994659,0.249973297,0],[1.74991989,0.249973297,0],[1.74991989,0,0],[1.49994659,0.249973297,0],[1.49994659,0.499946594,0],[1.74991989,0.499946594,0],[1.74991989,
								0.249973297,0],[1.74991989,0.249973297,0],[1.74991989,0.499946594,0],[1.99989319,0.499946594,0],[1.99989319,0.249973297,0],[1.74991989,0,0],[1.74991989,0.249973297,0],[1.99989319,0.249973297,0],
							[1.99989319,0,0],[0,-1,0],[0,-0.750026703,0],[0.249973297,-0.750026703,0],[0.249973297,-1,0],[0,-0.750026703,0],[0,-0.500053406,0],[0.249973297,-0.500053406,0],[0.249973297,-0.750026703,0],[0.249973297,
								-0.750026703,0],[0.249973297,-0.500053406,0],[0.499946594,-0.500053406,0],[0.499946594,-0.750026703,0],[0.249973297,-1,0],[0.249973297,-0.750026703,0],[0.499946594,-0.750026703,0],[0.499946594,
								-1,0],[0,-0.500053406,0],[0,-0.250080109,0],[0.249973297,-0.250080109,0],[0.249973297,-0.500053406,0],[0,-0.250080109,0],[0,-0.000106811523,0],[0.249973297,-0.000106811523,0],[0.249973297,-0.250080109,
								0],[0.249973297,-0.250080109,0],[0.249973297,-0.000106811523,0],[0.499946594,-0.000106811523,0],[0.499946594,-0.250080109,0],[0.249973297,-0.500053406,0],[0.249973297,-0.250080109,0],[0.499946594,
								-0.250080109,0],[0.499946594,-0.500053406,0],[0.499946594,-0.500053406,0],[0.499946594,-0.250080109,0],[0.749919891,-0.250080109,0],[0.749919891,-0.500053406,0],[0.499946594,-0.250080109,0],[0.499946594,
								-0.000106811523,0],[0.749919891,-0.000106811523,0],[0.749919891,-0.250080109,0],[0.749919891,-0.250080109,0],[0.749919891,-0.000106811523,0],[0.999893188,-0.000106811523,0],[0.999893188,-0.250080109,
								0],[0.749919891,-0.500053406,0],[0.749919891,-0.250080109,0],[0.999893188,-0.250080109,0],[0.999893188,-0.500053406,0],[0.499946594,-1,0],[0.499946594,-0.750026703,0],[0.749919891,-0.750026703,
								0],[0.749919891,-1,0],[0.499946594,-0.750026703,0],[0.499946594,-0.500053406,0],[0.749919891,-0.500053406,0],[0.749919891,-0.750026703,0],[0.749919891,-0.750026703,0],[0.749919891,-0.500053406,
								0],[0.999893188,-0.500053406,0],[0.999893188,-0.750026703,0],[0.749919891,-1,0],[0.749919891,-0.750026703,0],[0.999893188,-0.750026703,0],[0.999893188,-1,0],[0,1,0],[0,1.2499733,0],[0.249973297,
								1.2499733,0],[0.249973297,1,0],[0,1.2499733,0],[0,1.49994659,0],[0.249973297,1.49994659,0],[0.249973297,1.2499733,0],[0.249973297,1.2499733,0],[0.249973297,1.49994659,0],[0.499946594,1.49994659,
								0],[0.499946594,1.2499733,0],[0.249973297,1,0],[0.249973297,1.2499733,0],[0.499946594,1.2499733,0],[0.499946594,1,0],[0,1.49994659,0],[0,1.74991989,0],[0.249973297,1.74991989,0],[0.249973297,1.49994659,
								0],[0,1.74991989,0],[0,1.99989319,0],[0.249973297,1.99989319,0],[0.249973297,1.74991989,0],[0.249973297,1.74991989,0],[0.249973297,1.99989319,0],[0.499946594,1.99989319,0],[0.499946594,1.74991989,
								0],[0.249973297,1.49994659,0],[0.249973297,1.74991989,0],[0.499946594,1.74991989,0],[0.499946594,1.49994659,0],[0.499946594,1.49994659,0],[0.499946594,1.74991989,0],[0.749919891,1.74991989,0],
							[0.749919891,1.49994659,0],[0.499946594,1.74991989,0],[0.499946594,1.99989319,0],[0.749919891,1.99989319,0],[0.749919891,1.74991989,0],[0.749919891,1.74991989,0],[0.749919891,1.99989319,0],[0.999893188,
								1.99989319,0],[0.999893188,1.74991989,0],[0.749919891,1.49994659,0],[0.749919891,1.74991989,0],[0.999893188,1.74991989,0],[0.999893188,1.49994659,0],[0.499946594,1,0],[0.499946594,1.2499733,0],
							[0.749919891,1.2499733,0],[0.749919891,1,0],[0.499946594,1.2499733,0],[0.499946594,1.49994659,0],[0.749919891,1.49994659,0],[0.749919891,1.2499733,0],[0.749919891,1.2499733,0],[0.749919891,1.49994659,
								0],[0.999893188,1.49994659,0],[0.999893188,1.2499733,0],[0.749919891,1,0],[0.749919891,1.2499733,0],[0.999893188,1.2499733,0],[0.999893188,1,0]
						]
					]
				]
			]
		],
		"pointattributes",[
			[
				[
					"scope","public",
					"type","numeric",
					"name","P",
					"options",{
						"type":{
							"type":"string",
							"value":"point"
						}
					}
				],
				[
					"size",3,
					"storage","fpreal32",
					"defaults",[
						"size",1,
						"storage","fpreal64",
						"values",[0]
					],
					"values",[
						"size",3,
						"storage","fpreal32",
						"tuples",[[-0.577350259,-0.577350259,-0.577350259],[0.577350259,-0.577350259,-0.577350259],[0.577350199,-0.577350199,0.577350259],[-0.577350259,-0.577350259,0.577350259],[-0.577350259,0.577350259,-0.577350259],
							[0.577350199,0.577350199,-0.577350259],[0.577350259,0.577350259,0.577350259],[-0.577350259,0.577350259,0.577350259],[0,-4.66466921e-10,-1],[1,0,9.32933841e-10],[0,-4.66466921e-10,1],[-1,0,-9.32933841e-10],
							[9.32933841e-10,-1,0],[9.32933841e-10,1,0],[0.707106769,0,-0.707106769],[-3.52406493e-10,0.707106769,-0.707106769],[-0.707106769,0,-0.707106769],[-3.52406493e-10,-0.707106769,-0.707106769],[0.707106769,
								0,0.707106769],[0.707106769,0.707106769,0],[0.707106769,-0.707106769,0],[-0.707106769,0,0.707106769],[-3.52406493e-10,0.707106769,0.707106769],[-3.52406493e-10,-0.707106769,0.707106769],[-0.707106769,
								0.707106769,0],[-0.707106769,-0.707106769,0],[0.364361942,-0.364361942,-0.85701853],[0.364361942,0.364361942,-0.85701853],[-0.364361942,0.364361942,-0.85701853],[-0.364361942,-0.364361942,-0.85701859],
							[0.85701859,-0.364361942,0.364361942],[0.85701859,0.364361942,0.364361942],[0.85701853,0.364361942,-0.364361942],[0.85701853,-0.364361942,-0.364361942],[-0.364361942,-0.364361942,0.85701853],[-0.364361942,
								0.364361942,0.85701853],[0.364361942,0.364361942,0.85701853],[0.364361942,-0.364361942,0.85701859],[-0.85701859,-0.364361942,-0.364361942],[-0.85701859,0.364361942,-0.364361942],[-0.85701853,0.364361942,
								0.364361942],[-0.85701853,-0.364361942,0.364361942],[0.364361942,-0.85701853,0.364361942],[0.364361942,-0.85701853,-0.364361942],[-0.364361942,-0.85701853,-0.364361942],[-0.364361942,-0.85701853,
								0.364361942],[0.364361942,0.85701853,-0.364361942],[0.364361942,0.85701853,0.364361942],[-0.364361942,0.85701853,0.364361942],[-0.364361942,0.85701853,-0.364361942],[0.389174581,-4.19269425e-10,
								-0.921164036],[4.19269452e-10,0.389174581,-0.921164036],[-0.389174581,-4.19269425e-10,-0.921164036],[4.19269425e-10,-0.389174581,-0.921164036],[0.921164036,0,0.389174581],[0.921164036,0.389174581,
								0],[0.921164036,-4.19269452e-10,-0.389174581],[0.921164036,-0.389174581,0],[-0.389174581,-4.19269425e-10,0.921164036],[-4.19269452e-10,0.389174581,0.921164036],[0.389174581,-4.19269425e-10,0.921164036],
							[-4.19269425e-10,-0.389174581,0.921164036],[-0.921164036,0,-0.389174581],[-0.921164036,0.389174581,0],[-0.921164036,-4.19269452e-10,0.389174581],[-0.921164036,-0.389174581,0],[0.389174581,-0.921164036,
								0],[0,-0.921164036,-0.389174581],[-0.389174581,-0.921164036,4.19269452e-10],[0,-0.921164036,0.389174581],[0.389174581,0.921164036,0],[0,0.921164036,0.389174581],[-0.389174581,0.921164036,-4.19269452e-10],
							[0,0.921164036,-0.389174581],[0.665556908,-0.337739706,-0.665556908],[0.665556908,0.337739706,-0.665556908],[0.337739706,0.665556908,-0.665556908],[-0.337739706,0.665556908,-0.665556908],[-0.665556908,
								0.337739706,-0.665556908],[-0.665556908,-0.337739706,-0.665556908],[-0.337739706,-0.665556908,-0.665556908],[0.337739706,-0.665556908,-0.665556908],[0.665556908,-0.337739706,0.665556908],[0.665556908,
								0.337739706,0.665556908],[0.665556848,0.665556848,0.337739676],[0.665556908,0.665556908,-0.337739706],[0.665556908,-0.665556908,-0.337739706],[0.665556848,-0.665556848,0.337739676],[-0.665556908,
								-0.337739706,0.665556908],[-0.665556908,0.337739706,0.665556908],[-0.337739706,0.665556908,0.665556908],[0.337739706,0.665556908,0.665556908],[0.337739706,-0.665556908,0.665556908],[-0.337739706,
								-0.665556908,0.665556908],[-0.665556848,0.665556848,-0.337739676],[-0.665556908,0.665556908,0.337739706],[-0.665556908,-0.665556908,0.337739706],[-0.665556908,-0.665556908,-0.337739706]
						]
					]
				]
			]
		],
		"primitiveattributes",[
			[
				[
					"scope","public",
					"type","string",
					"name","maya_shading_group",
					"options",{
					}
				],
				[
					"size",1,
					"storage","int32",
					"strings",["uvCheck1SG"
					],
					"indices",[
						"size",1,
						"storage","int32",
						"arrays",[[0,0,0,0,0,0,0,0,0,0,0,0,0,0,0,0,0,0,0,0,0,0,0,0,0,0,0,0,0,0,0,0,0,0,0,0,0,0,0,0,0,0,0,0,0,0,0,0,0,0,0,0,0,0,0,0,0,0,0,0,0,0,0,0,0,0,0,0,0,0,0,0,0,0,0,0,0,0,0,0,0,0,0,0,0,0,0,0,0,0,0,0,0,0,0,0]
						]
					]
				]
			],
			[
				[
					"scope","public",
					"type","string",
					"name","unity_material",
					"options",{
					}
				],
				[
					"size",1,
					"storage","int32",
					"strings",["Assets/Materials/uv_checkered_mat.mat"
					],
					"indices",[
						"size",1,
						"storage","int32",
						"arrays",[[0,0,0,0,0,0,0,0,0,0,0,0,0,0,0,0,0,0,0,0,0,0,0,0,0,0,0,0,0,0,0,0,0,0,0,0,0,0,0,0,0,0,0,0,0,0,0,0,0,0,0,0,0,0,0,0,0,0,0,0,0,0,0,0,0,0,0,0,0,0,0,0,0,0,0,0,0,0,0,0,0,0,0,0,0,0,0,0,0,0,0,0,0,0,0,0]
						]
					]
				]
			],
			[
				[
					"scope","public",
					"type","string",
					"name","unreal_material",
					"options",{
					}
				],
				[
					"size",1,
					"storage","int32",
					"strings",["Material'/Game/Developers/mikel/MeshGenerators/Materials/mesh_gen_uv_preview.mesh_gen_uv_preview'"
					],
					"indices",[
						"size",1,
						"storage","int32",
						"arrays",[[0,0,0,0,0,0,0,0,0,0,0,0,0,0,0,0,0,0,0,0,0,0,0,0,0,0,0,0,0,0,0,0,0,0,0,0,0,0,0,0,0,0,0,0,0,0,0,0,0,0,0,0,0,0,0,0,0,0,0,0,0,0,0,0,0,0,0,0,0,0,0,0,0,0,0,0,0,0,0,0,0,0,0,0,0,0,0,0,0,0,0,0,0,0,0,0]
						]
					]
				]
			]
		]
	],
	"primitives",[
		[
			[
				"type","Polygon_run"
			],
			[
				"startvertex",0,
				"nprimitives",96,
				"nvertices_rle",[4,96]
			]
		]
	]
]
